 1.0000E+000   1.0000E+000   1.0000E+000   1.0000E+000   1.0000E+000   1.0000E+000   1.0000E+000   0.0000E+000   1.0000E+000   1.0000E+000   1.0000E+000   1.0000E+000   1.0000E+000   1.0000E+000   1.0000E+000   1.0000E+000   1.0000E+000   0.0000E+000   0.0000E+000   1.0000E+000
 1.0000E+000   1.0000E+000   1.0000E+000   1.0000E+000   1.0000E+000   1.0000E+000   0.0000E+000   1.0000E+000   1.0000E+000   1.0000E+000   1.0000E+000   1.0000E+000   1.0000E+000   1.0000E+000   1.0000E+000   1.0000E+000   1.0000E+000   1.0000E+000   1.0000E+000   1.0000E+000
 1.0000E+000   1.0000E+000   1.0000E+000   1.0000E+000   1.0000E+000   0.0000E+000   1.0000E+000   1.0000E+000   1.0000E+000   1.0000E+000   1.0000E+000   1.0000E+000   0.0000E+000   1.0000E+000   1.0000E+000   1.0000E+000   1.0000E+000   1.0000E+000   1.0000E+000   1.0000E+000
 1.0000E+000   1.0000E+000   1.0000E+000   1.0000E+000   1.0000E+000   1.0000E+000   0.0000E+000   1.0000E+000   0.0000E+000   0.0000E+000   1.0000E+000   1.0000E+000   1.0000E+000   0.0000E+000   1.0000E+000   1.0000E+000   0.0000E+000   1.0000E+000   1.0000E+000   1.0000E+000
 1.0000E+000   1.0000E+000   1.0000E+000   1.0000E+000   1.0000E+000   1.0000E+000   1.0000E+000   0.0000E+000   1.0000E+000   0.0000E+000   0.0000E+000   1.0000E+000   1.0000E+000   1.0000E+000   0.0000E+000   0.0000E+000   1.0000E+000   1.0000E+000   1.0000E+000   1.0000E+000
 1.0000E+000   1.0000E+000   1.0000E+000   1.0000E+000   0.0000E+000   1.0000E+000   0.0000E+000   1.0000E+000   1.0000E+000   1.0000E+000   1.0000E+000   1.0000E+000   1.0000E+000   1.0000E+000   1.0000E+000   0.0000E+000   0.0000E+000   1.0000E+000   1.0000E+000   1.0000E+000
 1.0000E+000   1.0000E+000   1.0000E+000   1.0000E+000   1.0000E+000   0.0000E+000   0.0000E+000   1.0000E+000   1.0000E+000   1.0000E+000   1.0000E+000   0.0000E+000   1.0000E+000   1.0000E+000   1.0000E+000   1.0000E+000   1.0000E+000   0.0000E+000   1.0000E+000   0.0000E+000
 0.0000E+000   1.0000E+000   1.0000E+000   1.0000E+000   0.0000E+000   1.0000E+000   1.0000E+000   1.0000E+000   1.0000E+000   1.0000E+000   0.0000E+000   1.0000E+000   0.0000E+000   1.0000E+000   1.0000E+000   0.0000E+000   1.0000E+000   1.0000E+000   1.0000E+000   0.0000E+000
 1.0000E+000   0.0000E+000   0.0000E+000   0.0000E+000   0.0000E+000   0.0000E+000   1.0000E+000   1.0000E+000   1.0000E+000   1.0000E+000   0.0000E+000   1.0000E+000   0.0000E+000   0.0000E+000   1.0000E+000   1.0000E+000   1.0000E+000   0.0000E+000   1.0000E+000   1.0000E+000
 0.0000E+000   1.0000E+000   1.0000E+000   1.0000E+000   0.0000E+000   1.0000E+000   1.0000E+000   1.0000E+000   1.0000E+000   1.0000E+000   0.0000E+000   0.0000E+000   0.0000E+000   0.0000E+000   0.0000E+000   0.0000E+000   1.0000E+000   1.0000E+000   1.0000E+000   1.0000E+000
 1.0000E+000   0.0000E+000   1.0000E+000   1.0000E+000   0.0000E+000   1.0000E+000   1.0000E+000   1.0000E+000   1.0000E+000   1.0000E+000   0.0000E+000   0.0000E+000   0.0000E+000   0.0000E+000   1.0000E+000   0.0000E+000   1.0000E+000   1.0000E+000   1.0000E+000   0.0000E+000
 1.0000E+000   1.0000E+000   1.0000E+000   1.0000E+000   1.0000E+000   1.0000E+000   1.0000E+000   1.0000E+000   1.0000E+000   1.0000E+000   0.0000E+000   0.0000E+000   0.0000E+000   0.0000E+000   1.0000E+000   0.0000E+000   1.0000E+000   0.0000E+000   1.0000E+000   0.0000E+000
 1.0000E+000   1.0000E+000   1.0000E+000   1.0000E+000   1.0000E+000   1.0000E+000   1.0000E+000   1.0000E+000   1.0000E+000   1.0000E+000   1.0000E+000   0.0000E+000   0.0000E+000   0.0000E+000   1.0000E+000   0.0000E+000   1.0000E+000   0.0000E+000   1.0000E+000   1.0000E+000
 1.0000E+000   1.0000E+000   0.0000E+000   1.0000E+000   1.0000E+000   1.0000E+000   1.0000E+000   1.0000E+000   1.0000E+000   1.0000E+000   1.0000E+000   0.0000E+000   0.0000E+000   1.0000E+000   1.0000E+000   0.0000E+000   1.0000E+000   1.0000E+000   1.0000E+000   1.0000E+000
 1.0000E+000   1.0000E+000   0.0000E+000   1.0000E+000   1.0000E+000   1.0000E+000   1.0000E+000   1.0000E+000   1.0000E+000   1.0000E+000   1.0000E+000   0.0000E+000   0.0000E+000   1.0000E+000   1.0000E+000   1.0000E+000   0.0000E+000   1.0000E+000   0.0000E+000   1.0000E+000
 1.0000E+000   1.0000E+000   1.0000E+000   1.0000E+000   1.0000E+000   1.0000E+000   1.0000E+000   1.0000E+000   1.0000E+000   1.0000E+000   1.0000E+000   1.0000E+000   1.0000E+000   1.0000E+000   1.0000E+000   1.0000E+000   0.0000E+000   1.0000E+000   1.0000E+000   1.0000E+000
 0.0000E+000   1.0000E+000   1.0000E+000   1.0000E+000   1.0000E+000   1.0000E+000   1.0000E+000   1.0000E+000   1.0000E+000   1.0000E+000   0.0000E+000   1.0000E+000   1.0000E+000   0.0000E+000   1.0000E+000   1.0000E+000   1.0000E+000   1.0000E+000   1.0000E+000   1.0000E+000
 1.0000E+000   1.0000E+000   1.0000E+000   1.0000E+000   0.0000E+000   1.0000E+000   1.0000E+000   1.0000E+000   1.0000E+000   1.0000E+000   1.0000E+000   0.0000E+000   1.0000E+000   1.0000E+000   1.0000E+000   1.0000E+000   0.0000E+000   1.0000E+000   1.0000E+000   1.0000E+000
 1.0000E+000   0.0000E+000   1.0000E+000   1.0000E+000   1.0000E+000   1.0000E+000   1.0000E+000   1.0000E+000   1.0000E+000   1.0000E+000   1.0000E+000   1.0000E+000   1.0000E+000   1.0000E+000   1.0000E+000   1.0000E+000   0.0000E+000   1.0000E+000   1.0000E+000   1.0000E+000
 1.0000E+000   0.0000E+000   1.0000E+000   1.0000E+000   0.0000E+000   0.0000E+000   1.0000E+000   0.0000E+000   0.0000E+000   1.0000E+000   1.0000E+000   0.0000E+000   1.0000E+000   1.0000E+000   1.0000E+000   1.0000E+000   0.0000E+000   1.0000E+000   1.0000E+000   1.0000E+000
