 5.0000E+000   5.0000E+000   5.0000E+000   6.0000E+000   6.0000E+000   6.0000E+000   8.0000E+000   8.0000E+000   9.0000E+000   8.0000E+000   8.0000E+000   1.4822E-323   2.0000E+000   6.9528E-310   4.0000E+000   4.0000E+000   5.0000E+000   5.0000E+000   5.0000E+000   5.0000E+000
 6.0000E+000   5.0000E+000   5.0000E+000   6.0000E+000   6.0000E+000   6.0000E+000   0.0000E+000   9.0000E+000   9.0000E+000   8.0000E+000   9.0000E+000   9.0000E+000   1.0000E+000   1.0000E+000   6.9528E-310   1.0000E+000   0.0000E+000   5.0000E+000   5.0000E+000   6.0000E+000
 6.0000E+000   6.0000E+000   6.0000E+000   6.0000E+000   6.0000E+000   0.0000E+000   8.0000E+000   8.0000E+000   8.0000E+000   9.0000E+000   8.0000E+000   9.0000E+000   6.9528E-310   1.0000E+000   1.0000E+000   1.0000E+000   1.0000E+000   0.0000E+000   7.0000E+000   6.0000E+000
 6.0000E+000   6.0000E+000   6.0000E+000   6.0000E+000   6.0000E+000   7.0000E+000   0.0000E+000   8.0000E+000   8.0000E+000   9.0000E+000   8.0000E+000   8.0000E+000   8.0000E+000   6.9080E-310   1.0000E+000   1.0000E+000   1.0000E+000   0.0000E+000   7.0000E+000   7.0000E+000
 7.0000E+000   6.0000E+000   6.0000E+000   7.0000E+000   7.0000E+000   7.0000E+000   7.0000E+000   0.0000E+000   0.0000E+000   9.0000E+000   9.0000E+000   8.0000E+000   4.9407E-324   2.0000E+000   6.9528E-310   0.0000E+000   0.0000E+000   0.0000E+000   7.0000E+000   7.0000E+000
 7.0000E+000   7.0000E+000   6.0000E+000   7.0000E+000   7.0000E+000   7.0000E+000   7.0000E+000   0.0000E+000   4.0000E+000   0.0000E+000   9.0000E+000   6.9528E-310   2.0000E+000   2.0000E+000   2.0000E+000   0.0000E+000   4.0000E+000   0.0000E+000   5.0000E+000   0.0000E+000
 0.0000E+000   7.0000E+000   7.0000E+000   7.0000E+000   0.0000E+000   7.0000E+000   0.0000E+000   4.0000E+000   4.0000E+000   9.0000E+000   9.0000E+000   6.9080E-310   2.0000E+000   2.0000E+000   2.0000E+000   1.3486E+161   4.0000E+000   4.0000E+000   5.0000E+000   0.0000E+000
 7.0000E+000   7.0000E+000   7.0000E+000   7.0000E+000   1.0000E+000   0.0000E+000   4.0000E+000   4.0000E+000   1.0000E+000   1.0000E+000   0.0000E+000   4.0000E+000   6.9080E-310   2.0000E+000   1.0000E+000   1.0000E+000   2.0000E+000   4.0000E+000   5.0000E+000   0.0000E+000
 0.0000E+000   7.0000E+000   0.0000E+000   0.0000E+000   1.0000E+000   3.0000E+000   4.0000E+000   4.0000E+000   4.0000E+000   4.0000E+000   4.0000E+000   4.0000E+000   4.0000E+000           NaN   0.0000E+000   5.0000E+000   2.0000E+000   5.0000E+000   5.0000E+000   0.0000E+000
 2.0000E+000   0.0000E+000   2.0000E+000   0.0000E+000   1.0000E+000   3.0000E+000   3.0000E+000   0.0000E+000   3.0000E+000   3.0000E+000   4.0000E+000   4.0000E+000   6.9080E-310   4.0000E+000   6.9080E-310   5.0000E+000   5.0000E+000   5.0000E+000   5.0000E+000   0.0000E+000
 2.0000E+000   2.0000E+000   2.0000E+000   2.0000E+000   0.0000E+000   3.0000E+000   3.0000E+000   1.0000E+000   0.0000E+000   3.0000E+000   3.0000E+000   4.0000E+000   4.0000E+000   4.0000E+000   4.0000E+000   1.0000E+000   0.0000E+000   5.0000E+000   5.0000E+000   0.0000E+000
 2.0000E+000   2.0000E+000   2.0000E+000   2.0000E+000   1.0000E+000   1.0000E+000   1.0000E+000   1.0000E+000   8.0000E+000   3.0000E+000   1.0000E+000   0.0000E+000   4.0000E+000   4.0000E+000   4.0000E+000   4.0000E+000   0.0000E+000   5.0000E+000   5.0000E+000   0.0000E+000
 2.0000E+000   2.0000E+000   2.0000E+000   3.0000E+000   1.0000E+000   3.0000E+000   4.0000E+000   3.0000E+000   8.0000E+000   2.0000E+000   1.0000E+000   4.0000E+000   4.0000E+000   4.0000E+000   4.0000E+000   4.0000E+000   0.0000E+000   5.0000E+000   5.0000E+000   2.0000E+000
 2.0000E+000   2.0000E+000   3.0000E+000   3.0000E+000   0.0000E+000   3.0000E+000   3.0000E+000   3.0000E+000   1.0000E+000   2.0000E+000   2.0000E+000   4.0000E+000   4.0000E+000   4.0000E+000   4.0000E+000   4.0000E+000   1.0000E+000   5.0000E+000   5.0000E+000   0.0000E+000
 2.0000E+000   5.0000E+000   3.0000E+000   3.0000E+000   3.0000E+000   3.0000E+000   3.0000E+000   3.0000E+000   1.0000E+000   2.0000E+000   2.0000E+000   2.0000E+000   4.0000E+000   4.0000E+000   4.0000E+000   4.0000E+000   4.0000E+000   5.0000E+000   5.0000E+000   0.0000E+000
 5.0000E+000   5.0000E+000   6.0000E+000   3.0000E+000   3.0000E+000   3.0000E+000   3.0000E+000   3.0000E+000   3.0000E+000   2.0000E+000   2.0000E+000   2.0000E+000   4.0000E+000   4.0000E+000   4.0000E+000   0.0000E+000   4.0000E+000   5.0000E+000   5.0000E+000   0.0000E+000
 5.0000E+000   5.0000E+000   6.0000E+000   6.0000E+000   3.0000E+000   3.0000E+000   3.0000E+000   9.0000E+000   3.0000E+000   8.0000E+000   2.0000E+000   2.0000E+000   2.0000E+000   4.0000E+000   4.0000E+000   4.0000E+000   4.0000E+000   5.0000E+000   5.0000E+000   0.0000E+000
 6.0000E+000   6.0000E+000   6.0000E+000   6.0000E+000   6.0000E+000   3.0000E+000   9.0000E+000   9.0000E+000   9.0000E+000   8.0000E+000   2.0000E+000   2.0000E+000   2.0000E+000   4.0000E+000   4.0000E+000   4.0000E+000   4.0000E+000   5.0000E+000   5.0000E+000   0.0000E+000
 5.0000E+000   5.0000E+000   6.0000E+000   6.0000E+000   6.0000E+000   0.0000E+000   9.0000E+000   9.0000E+000   9.0000E+000   9.0000E+000   2.0000E+000   2.0000E+000   2.0000E+000   4.0000E+000   4.0000E+000   4.0000E+000   4.0000E+000   5.0000E+000   5.0000E+000   5.0000E+000
 5.0000E+000   5.0000E+000   6.0000E+000   6.0000E+000   6.0000E+000   6.0000E+000   0.0000E+000   9.0000E+000   9.0000E+000   9.0000E+000   9.0000E+000   2.0000E+000   2.0000E+000   4.0000E+000   6.9080E-310   4.0000E+000   4.0000E+000   5.0000E+000   5.0000E+000   5.0000E+000
