 6.0000E+000   6.0000E+000   6.0000E+000   6.0000E+000   7.0000E+000   7.0000E+000   0.0000E+000   0.0000E+000   8.0000E+000   8.0000E+000   0.0000E+000   1.4822E-323   2.0000E+000   6.9528E-310   4.0000E+000   4.0000E+000   4.0000E+000   0.0000E+000   6.0000E+000   6.0000E+000
 6.0000E+000   6.0000E+000   7.0000E+000   7.0000E+000   7.0000E+000   0.0000E+000   9.0000E+000   9.0000E+000   8.0000E+000   8.0000E+000   9.0000E+000   8.0000E+000   1.0000E+000   1.0000E+000   6.9528E-310   4.0000E+000   0.0000E+000   6.0000E+000   6.0000E+000   6.0000E+000
 5.0000E+000   6.0000E+000   7.0000E+000   7.0000E+000   7.0000E+000   7.0000E+000   9.0000E+000   9.0000E+000   0.0000E+000   8.0000E+000   8.0000E+000   8.0000E+000   1.0000E+000   1.0000E+000   1.0000E+000   9.6792E-317   0.0000E+000   6.0000E+000   5.0000E+000   5.0000E+000
 5.0000E+000   5.0000E+000   7.0000E+000   7.0000E+000   7.0000E+000   7.0000E+000   9.0000E+000   9.0000E+000   9.0000E+000   9.0000E+000   8.0000E+000   8.0000E+000   6.9253E-310   1.0000E+000   0.0000E+000   6.9253E-310   0.0000E+000   0.0000E+000   5.0000E+000   5.0000E+000
 5.0000E+000   5.0000E+000   5.0000E+000   7.0000E+000   0.0000E+000   7.0000E+000   7.0000E+000   7.0000E+000   0.0000E+000   9.0000E+000   9.0000E+000   0.0000E+000   4.9407E-324   2.1220E-314   6.9528E-310   0.0000E+000   0.0000E+000   5.0000E+000   5.0000E+000   5.0000E+000
 5.0000E+000   5.0000E+000   7.0000E+000   9.0000E+000   8.0000E+000   0.0000E+000   1.0000E+000   0.0000E+000   4.0000E+000   0.0000E+000   8.0000E+000   6.9528E-310   6.9253E-310   2.0000E+000   6.9253E-310   0.0000E+000   0.0000E+000   0.0000E+000   0.0000E+000   5.0000E+000
 5.0000E+000   0.0000E+000   9.0000E+000   9.0000E+000   8.0000E+000   0.0000E+000   1.0000E+000   0.0000E+000   4.0000E+000   0.0000E+000   8.0000E+000   6.9253E-310   2.0000E+000   2.0000E+000   2.0000E+000   1.3486E+161   0.0000E+000   5.0000E+000   5.0000E+000   5.0000E+000
 0.0000E+000   0.0000E+000   0.0000E+000   9.0000E+000   0.0000E+000   0.0000E+000   1.0000E+000   0.0000E+000   0.0000E+000   0.0000E+000   0.0000E+000   4.0000E+000   6.9253E-310   2.0000E+000   0.0000E+000   2.8944E+020   0.0000E+000   0.0000E+000   0.0000E+000   5.0000E+000
 0.0000E+000   0.0000E+000   0.0000E+000   9.0000E+000   9.0000E+000   0.0000E+000   1.0000E+000   4.0000E+000   0.0000E+000   0.0000E+000   0.0000E+000   4.0000E+000   0.0000E+000           NaN   0.0000E+000   7.7441E+228   0.0000E+000   0.0000E+000   0.0000E+000   0.0000E+000
 0.0000E+000   0.0000E+000   0.0000E+000   0.0000E+000   0.0000E+000   0.0000E+000   0.0000E+000   0.0000E+000   0.0000E+000   0.0000E+000   0.0000E+000   2.6641E-316   6.9253E-310   1.9763E-323   6.9253E-310   1.6779E+243   4.0000E+000   4.0000E+000   4.0000E+000   4.0000E+000
 4.0000E+000   0.0000E+000   2.0000E+000   0.0000E+000   0.0000E+000   0.0000E+000   4.0000E+000   0.0000E+000   0.0000E+000   0.0000E+000   0.0000E+000   6.9528E-310   4.9407E-324   4.9407E-324   2.2727E-322   2.6448E+180   0.0000E+000   0.0000E+000   4.0000E+000   0.0000E+000
 4.0000E+000   0.0000E+000   2.0000E+000   0.0000E+000   0.0000E+000   0.0000E+000   4.0000E+000   0.0000E+000   0.0000E+000   0.0000E+000   0.0000E+000   0.0000E+000   0.0000E+000   2.4209E-322   2.0736E-317   2.1521E-312   0.0000E+000   0.0000E+000   0.0000E+000   4.0000E+000
 2.0000E+000   2.0000E+000   2.0000E+000   2.0000E+000   0.0000E+000   4.0000E+000   4.0000E+000   0.0000E+000   0.0000E+000   0.0000E+000   0.0000E+000   0.0000E+000   4.9407E-324   6.9528E-310   6.9528E-310   0.0000E+000   0.0000E+000   4.0000E+000   4.0000E+000   4.0000E+000
 2.0000E+000   2.0000E+000   2.0000E+000   0.0000E+000   0.0000E+000   0.0000E+000   4.0000E+000   0.0000E+000   0.0000E+000   0.0000E+000   3.0000E+000   6.9253E-310   6.9253E-310   0.0000E+000   0.0000E+000   0.0000E+000   0.0000E+000   0.0000E+000   0.0000E+000   2.0000E+000
 0.0000E+000   2.0000E+000   0.0000E+000   0.0000E+000   0.0000E+000   0.0000E+000   0.0000E+000   3.0000E+000   3.0000E+000   4.0000E+000   3.0000E+000   6.9253E-310   0.0000E+000   1.9310E-312   0.0000E+000   0.0000E+000   0.0000E+000   0.0000E+000   0.0000E+000   2.0000E+000
 2.0000E+000   2.0000E+000   0.0000E+000   0.0000E+000   0.0000E+000   0.0000E+000   1.0000E+000   0.0000E+000   3.0000E+000   3.0000E+000   3.0000E+000   6.9253E-310   0.0000E+000   0.0000E+000   6.9253E-310   0.0000E+000   1.0000E+000   0.0000E+000   1.0000E+000   0.0000E+000
 0.0000E+000   0.0000E+000   0.0000E+000   0.0000E+000   0.0000E+000   3.0000E+000   3.0000E+000   3.0000E+000   3.0000E+000   3.0000E+000   3.0000E+000   6.9253E-310   0.0000E+000   0.0000E+000   2.0232E-320   0.0000E+000   1.0000E+000   1.0000E+000   1.0000E+000   0.0000E+000
 0.0000E+000   2.0000E+000   2.0000E+000   0.0000E+000   0.0000E+000   3.0000E+000   3.0000E+000   3.0000E+000   3.0000E+000   3.0000E+000   3.0000E+000   6.9253E-310   0.0000E+000   4.0000E+000   6.9528E-310   0.0000E+000   1.0000E+000   1.0000E+000   7.0000E+000   0.0000E+000
 6.0000E+000   0.0000E+000   0.0000E+000   0.0000E+000   3.0000E+000   3.0000E+000   3.0000E+000   0.0000E+000   0.0000E+000   0.0000E+000   1.0000E+000   1.0000E+000   0.0000E+000   4.0000E+000   2.2727E-322   0.0000E+000   0.0000E+000   7.0000E+000   7.0000E+000   6.0000E+000
 6.0000E+000   6.0000E+000   6.0000E+000   6.0000E+000   0.0000E+000   0.0000E+000   3.0000E+000   0.0000E+000   8.0000E+000   0.0000E+000   1.0000E+000   2.1220E-314   2.0000E+000   2.0000E+000   4.0000E+000   4.0000E+000   0.0000E+000   0.0000E+000   6.0000E+000   6.0000E+000
